2787557
2785468
2800676
2799387
2799236
2798766
2798734
2798270
2798265
2798243
2795706
2795700
2797984
2797963
2795693
2795692
2795685
2795680
2795676
2795672
2795667
2795657
2795652
2795648
2795643
2795641
2795636
2795634
2795626
2795623
2795618
2795612
2795538
2795520
2797434
2795397
2795346
2797058
2796944
2796943
2795074
2794764
2793733
2793724
2793714
2793713
2793205
2792257
2792066
2791993
2791772
2791755
2791585
2791095
2791012
2790759
2790755
2790750
2790746
2790739
2790735
2790732
2790723
2790720
2790717
2790714
2790710
2790701
2790696
2790692
2790685
2790679
2790376
2788910
2788769
2787595
2787557
2787553
2787550
2787547
2787501
2785807
2785665
2785610
2785605
2785602
2785582
2785580
2785468
2785466
2785464
2785460
2785459
2785458
2785455
2785453
2785447
2785446
2785445
2785444
2785442
2785437
2785435
2785434
2785429
2785427
2785422
2785417
2785400
2785398
2785396
2785394
2785393
2785390
2785387
2785385
2785357
2784231
2784084
2783751
2783744
2783714
2783077
2783072
2783069
2783064
2782867
2782857
2782852
2782839
2782827
2782817
2782814
2782795
2782786
2782783
2782777
2782458
2782160
2781955
2781953
2781948
2781942
2781938
2781930
2781928
2781915
2781908
2781904
2781304
2781302
2781301
2781293
2781292
2780980
2780978
2780642
2780558
2779760
2779706
2779684
2779601
2779436
2779035
2778869
2778703
2778701
2778533
2778532
2778531
2778530
2778529
2778350
2777817
2777625
2777624
2777623
2777621
2777616
2777613
2777604
2777438
2777264
2777259
2777155
2776149
2776075
2776074
2775178
2774737
2774082
2773684
2773683
2773638
2773369
2773367
2773339
2772980
2772970
2772966
2772951
2772942
2772693
2772340
2772020
2771400
2770494
2769768
2769498
2769028
2768882
2768736
2768132
2768126
2767817
2767553
2766565
2766555
2766436
2766240
2765044
2764840
2763950
2763445
2763224
2763182
2762152
2761994
2761836
2761835
2761454
2761453
2757360
2757309
2757298
2757288
2756550
2756534
2756528
2755297
2755256
2755079
2755028
2754250
2753827
2753311
2753078
2752644
2752070
2751914
2751856
2751322
2751032
2750811
2750107
2749845
2749822
2749675
2749493
2749489
2749486
2749484
2749483
2749482
2749481
2749480
2749165
2749154
2749136
2749115
2749076
2749073
2749022
2748982
2748980
2748838
2748810
2748609
2748329
2747937
2747776
2746807
2746757
2746750
2746748
2746746
2746577
2746151
2745960
2745959
2745370
2744793
2743831
2743096
2742930
2742827
2742787
2742775
2742700
2742100
2741903
2741509
2740886
2740603
2740348
2739263
2738479
2738121
2738118
2738078
2737515
2737149
2737140
2736240
2736079
2735354
2735339
2735330
2734514
2734496
2734393
2734390
2733749
2733707
2733665
2733256
2732710
2732695
2732681
2732051
2732050
2732049
2731632
2730861
2729693
2729496
2728697
2728238
2728235
2728231
2727233
2726414
2726167
2726166
2726165
2725534
2725533
2725532
2725531
2725530
2725529
2725527
2725526
2725525
2725524
2725523
2725522
2725521
2725520
2725519
2725518
2725472
2724202
2723535
2722225
2720950
2720910
2720717
2720274
2720241
2720138
2720135
2720131
2719147
2719144
2719048
2719011
2718306
2718296
2718261
2718230
2718222
2718200
2718080
2717973
2717831
2717829
2717827
2717824
2717820
2717798
2717789
2717788
2717781
2717778
2717399
2717136
2716672
2716174
2715907
2715905
2715904
2715899
2715898
2715897
2715895
2715891
2715355
2715199
2715022
2714923
2714875
2714515
2713850
2712084
2711574
2711347
2711239
2711204
2710999
2710915
2710022
2709626
2709364
2708965
2708349
2707822
2707185
2707150
2706982
2706948
2706787
2706752
2704973
2704963
2704784
2704566
2704562
2704246
2704221
2704216
2704209
2704037
2703858
2703231
2702892
2702188
2702006
2700911
2700360
2700353
2700267
2700033
2700031
2699859
2699825
2699343
2699077
2698929
2698913
2698357
2698233
2698134
2697039
2697038
2696859
2696316
2696068
2695568
2695564
2695205
2694894
2693457
2693334
2692790
2692598
2692451
2691638
2691630
2691424
2691153
2691107
2690266
2689551
2689547
2689351
2689222
2689027
2687734
2687204
2685879
2685059
2685034
2683814
2683616
2682985
2682097
2682055
2682054
2681711
2681680
2681677
2680157
2680093
2679224
2678017
2677981
2677453
2677415
2677246
2677078
2677033
2675801
2675501
2675400
2675142
2674765
2674694
2674638
2674536
2674323
2673501
2673486
2672733
2672485
2672266
2671008
2670620
2670448
2669849
2669187
2668701
2668351
2668233
2668157
2668155
2668153
2668108
2667979
2667977
2667975
2667878
2667515
2667514
2667147
2664673
2664542
2664311
2663529
2662448
2662411
2661837
2661248
2660517
2660429
2660345
2659150
2659130
2659129
2659125
2658066
2657839
2657535
2657534
2657379
2657378
2655249
2655177
2654858
2654095
2652187
2650844
2649895
2649848
2649177
2648407
2648406
2647464
2647338
2647273
2646912
2646813
2645454
2645025
2643399
2643129
2643078
2642992
2642991
2642256
2639809
2638341
2637729
2637567
2636853
2636621
2634790
2634599
2634591
2634577
2634576
2634575
2633177
2632982
2632380
2632095
2632005
2631996
2631955
2631725
2630367
2630366
2630365
2630364
2630110
2629404
2629311
2628977
2628181
2627971
2627688
2626626
2624421
2623869
2622756
2621999
2621792
2621666
2620647
2617963
2617876
2617805
2617163
2616282
2615892
2615885
2615108
2615092
2614959
2614862
2613868
2613791
2613502
2613439
2611248
2611106
2610280
2610163
2610067
2610066
2610065
2609655
2609031
2608388
2607954
2607951
2607924
2607869
2607635
2607578
2607280
2607056
2605059
2604598
2604187
2602695
2602337
2601468
2600262
2599963
2599962
2598094
2598091
2598088
2598085
2595851
2595742
2595283
2595102
2594857
2594343
2594319
2592447
2592167
2592141
2591075
2590965
2590668
2590017
2589965
2589733
2589716
2589690
2589557
2589126
2588577
2588390
2588125
2587845
2587600
2586465
2586460
2586438
2585544
2585543
2585542
2585504
2585297
2585268
2584608
2584589
2584441
2584317
2584143
2584142
2584104
2584001
2583928
2583554
2583550
2583549
2583439
2583436
2583434
2583340
2583135
2582837
2582832
2582037
2581690
2581090
2580228
2580182
2580181
2579759
2579527
2579524
2579512
2579511
2579499
2579493
2579475
2579447
2579441
2579294
2579293
2579002
2578990
2578984
2578954
2578790
2578786
2577868
2577512
2577236
2576914
2576290
2576289
2576019
2575390
2575371
2573748
2573746
2573677
2573672
2573671
2573641
2573244
2572081
2572008
2571725
2570796
2570795
2570794
2570793
2569245
2569235
2569151
2569046
2568988
2568262
2567226
2567138
2567121
2566922
2565528
2565514
2563779
2563694
2563495
2563472
2563378
2563371
2563369
2563368
2563305
2563054
2562694
2561990
2560833
2560657
2560623
2560104
2559966
2559643
2559633
2559628
2559618
2559539
2559527
2559525
2559259
2559115
2558535
2558116
2556657
2556654
2556475
2556415
2556335
2556320
2555330
2555050
2554291
2554279
2554266
2554260
2554245
2553379
2553376
2553370
2553004
2553003
2553002
2553001
2552659
2552612
2550052
2549123
2548990
2548049
2547920
2547434
2546631
2545543
2545086
2543655
2543626
2543113
2542779
2542410
2542407
2542301
2542128
2541949
2541206
2541027
2540656
2540269
2540161
2540146
2540119
2540062
2540010
2539181
2539176
2538254
2538143
2538000
2537974
2537767
2537568
2537288
2536887
2536327
2535399
2535080
2534354
2533412
2532593
2532518
2532497
2531459
2531280
2531195
2530240
2530168
2530060
2529904
2529086
2528503
2528280
2528007
2527163
2525484
2524788
2524660
2524109
2524108
2524105
2524104
2524103
2523442
2523261
2523209
2523184
2523137
2523136
2523134
2523133
2523132
2523057
2522924
2522779
2522407
2522405
2522378
2521607
2521606
2521605
2521604
2521603
2521602
2521547
2520406
2520405
2520280
2520210
2519642
2519639
2519627
2519195
2518858
2518795
2518760
2518733
2518710
2518663
2518447
2518442
2518297
2518280
2518274
2518270
2518267
2518259
2518255
2517772
2517607
2517580
2517235
2516691
2516637
2516567
2516281
2515978
2515814
2515737
2515488
2515459
2515425
2514919
2514634
2514528
2514462
2514265
2514158
2513897
2513744
2513481
2513132
2512687
2512013
2511960
2511881
2511766
2511530
2511529
2511527
2510833
2510613
2509600
2509044
2508421
2508250
2508105
2507697
2507500
2507498
2507495
2506618
2506600
2506517
2506213
2505895
2505889
2505510
2505239
2504730
2504685
2504683
2503922
2503556
2503295
2502916
2502421
2501758
2501670
2501664
2501660
2501640
2501630
2501619
2501558
2501544
2501488
2501474
2501403
2501351
2501343
2501336
2501235
2501234
2501233
2501231
2501230
2501228
2501227
2500803
2500730
2499979
2499884
2499794
2499722
2499133
2499092
2498969
2498092
2497976
2497965
2497825
2497720
2497574
2497571
2497569
2497004
2496827
2496824
2496218
2496139
2496092
2496083
2495987
2495690
2495104
2495011
2494904
2494882
2494812
2494786
2494571
2493999
2493981
2493980
2493979
2493740
2493598
2493253
2493239
2492419
2492416
2492413
2492408
2492397
2492360
2492283
2492281
2491822
2491764
2491371
2491340
2491131
2491078
2490989
2490972
2490918
2490809
2490807
2490777
2490556
2490451
2489941
2489620
2489584
2489515
2489329
2489140
2488978
2487885
2487780
2487453
2487209
2487207
2487206
2487204
2486855
2486249
2486197
2486196
2486195
2486173
2485469
2485294
2485283
2484348
2482430
2482104
2481053
2481052
2481051
2480439
2480423
2479258
2479256
2479209
2478941
2478936
2478935
2478343
2478224
2477147
2476668
2476667
2476665
2476664
2476663
2476661
2476659
2476658
2476657
2476656
2476655
2476653
2476153
2475731
2475730
2475729
2474979
2473294
2472272
2472264
2472253
2472009
2471274
2469665
2468407
2468160
2467648
2467467
2466694
2466664
2466198
2464403
2463550
2463485
2463358
2463354
2462958
2462906
2462835
2462704
2462404
2462160
2461678
2461045
2460912
2460013
2460012
2459203
2458422
2458400
2458383
2458027
2457727
2457582
2457371
2457344
2457307
2457104
2457099
2457096
2457078
2456947
2456269
2456230
2456021
2455896
2455865
2455858
2455466
2454829
2454523
2454063
2454055
2452455
2451792
2451712
2451497
2451170
2450172
2449881
2449016
2448659
2448657
2448656
2448652
2448586
2448077
2448002
2447192
2447191
2447010
2446898
2446614
2445726
2443246
2442494
2442375
2441966
2440702
2440639
2440600
2438013
2436826
2435817
2435107
2434019
2433829
2433298
2433237
2433155
2432841
2432329
2431846
2431845
2431844
2431278
2430568
2429827
2429799
2429186
2429179
2428622
2428617
2428482
2428300
2428299
2428298
2428099
2428084
2427719
2426141
2425937
2425877
2425805
2425495
2425143
2425007
2424528
2423266
2423089
2423055
2422635
2422601
2422397
2421335
2420957
2420613
2420069
2419818
2419815
2419811
2419111
2418938
2417762
2417691
2417662
2417527
2416529
2416434
2416367
2415611
2415590
2415448
2414562
2411960
2411241
2411219
2410294
2410292
2410290
2410287
2410284
2410282
2410278
2410274
2410270
2410267
2407895
2407893
2407888
2407884
2407882
2407878
2407624
2405819
2405296
2404662
2404597
2403912
2403869
2403738
2403107
2402871
2401967
2401569
2400941
2400940
2400938
2400696
2400529
2399856
2399777
2398553
2398277
2397198
2397175
2396773
2396269
2395721
2395706
2395704
2395702
2395699
2395694
2395693
2395691
2395689
2395339
2393889
2393564
2390761
2390737
2390675
2390458
2390387
2389628
2389340
2389292
2389275
2388994
2388628
2387417
2387018
2386121
2384030
2383220
2382594
2382422
2382005
2381686
2381684
2381276
2381211
2381208
2381206
2381066
2381003
2380944
2378014
2377587
2377081
2376828
2376654
2375513
2375495
2374622
2374586
2374131
2373982
2373742
2373688
2373425
2373218
2373044
2372981
2372642
2372584
2371841
2371602
2371495
2370285
2370283
2370116
2369473
2365417
2364982
2364969
2364867
2364842
2364555
2364510
2364031
2363773
2363754
2363651
2363578
2363498
2363322
2362885
2362578
2362044
2362033
2361773
2361734
2361681
2361680
2361665
2361657
2361378
2361231
2361230
2361229
2360355
2360310
2359670
2358264
2358086
2357880
2357276
2357144
2357143
2356683
2356530
2355086
2354903
2354881
2354880
2354877
2354865
2354400
2354195
2354060
2353761
2353465
2352855
2352842
2352655
2352584
2352288
2351307
2350807
2349688
2348844
2348755
2347803
2345166
2343896
2343824
2343207
2342974
2342523
2342286
2339529
2338484
2336854
2336603
2336573
2336439
2336099
2335749
2335729
2335498
2335217
2335036
2334882
2334877
2334116
2334115
2333749
2333748
2333747
2332502
2332497
2332141
2332139
2331739
2331081
2331077
2331028
2330598
2330596
2329387
2329053
2328149
2328026
2326635
2326043
2322981
2322469
2322432
2322246
2318539
2318327
2318194
2318191
2318174
2317685
2317611
2316618
2316616
2316328
2316179
2315684
2314701
2312196
2312195
2311736
2311652
2311557
2311556
2311554
2309775
2309600
2308082
2307642
2307633
2307268
2307036
2306524
2304958
2304953
2304873
2304152
2303608
2303540
2303467
2303273
2302751
2302090
2302067
2301433
2300867
2300347
2299954
2299784
2299264
2298699
2298496
2298480
2298148
2298062
2297635
2297612
2297503
2297502
2297049
2296890
2296468
2296442
2296395
2295913
2295618
2294751
2294077
2294031
2293172
2292126
2291164
2291001
2289866
2289795
2289271
2287576
2287433
2287397
2287394
2287392
2287391
2286443
2286352
2285629
2285534
2285494
2284434
2283840
2283564
2283087
2282972
2281537
2281528
2281467
2281085
2281037
2280550
2280499
2280491
2280429
2280397
2279805
2279495
2279363
2278963
2278319
2277961
2277929
2277559
2277206
2277099
2276832
2276332
2275636
2275334
2275026
2274817
2273965
2273549
2272989
2270700
2270422
2270421
2269764
2268985
2268478
2268444
2267817
2267775
2267772
2267481
2267323
2266957
2266947
2266493
2266341
2266088
2266056
2265287
2264511
2263835
2263753
2263751
2263750
2263740
2262746
2262745
2262744
2261845
2261481
2261405
2261069
2258602
2258432
2257974
2257973
2257247
2256924
2256642
2256136
2254918
2254915
2253942
2253918
2253880
2253450
2252274
2251931
2251665
2251046
2249927
2249926
2248566
2248559
2248548
2248231
2248137
2248069
2247604
2247553
2246755
2245197
2244320
2243977
2243264
2243259
2242682
2242267
2241904
2241718
2241705
2241637
2241156
2241067
2240431
2240325
2240290
2240207
2239902
2239814
2239797
2239363
2239045
2238894
2237829
2236927
2236132
2235843
2235366
2235365
2235240
2235094
2234369
2234320
2233243
2233032
2232186
2231401
2229934
2229467
2229466
2227611
2227507
2227464
2223943
2222768
2221298
2220826
2220659
2219311
2219284
2218461
2218459
2218453
2217372
2216980
2215279
2213777
2213191
2213189
2213178
2213177
2213176
2213175
2213174
2212313
2212293
2212283
2212262
2211396
2210746
2210036
2209798
2209422
2209421
2208950
2208920
2208919
2208388
2207703
2207088
2206984
2206459
2205652
2201420
2200591
2199704
2199583
2198230
2198015
2197148
2196021
2195114
2194298
2194124
2192887
2192873
2192849
2192157
2191516
2189479
2188515
2188073
2186839
2186193
2186092
2185849
2185655
2185344
2183190
2183111
2182541
2181520
2180647
2179101
2179015
2176893
2175334
2173476
2172344
2172029
2171091
2171090
2169880
2169876
2169837
2167010
2166209
2165982
2165774
2165621
2165075
2164612
2164559
2164557
2163410
2162994
2162931
2162890
2162830
2159088
2158646
2158000
2157517
2155298
2154388
2154151
2153619
2153447
2152951
2152730
2151802
2151801
2151381
2151335
2146900
2146524
2145052
2144527
2144525
2142942
2142583
2142582
2141572
2141549
2141203
2141129
2138745
2138702
2137149
2137148
2137103
2136050
2135284
2135106
2133918
2133846
2133370
2133360
2133008
2132435
2131484
2130812
2126928
2126173
2126071
2126010
2124690
2124336
2124075
2123320
2123319
2123201
2122808
2122303
2122246
2120578
2120449
2120421
2120302
2120300
2120299
2120298
2119418
2119396
2118748
2118747
2118746
2118745
2118744
2118742
2118741
2118608
2117048
2117026
2116661
2116041
2116001
2114765
2113577
2113000
2112910
2112089
2112088
2111610
2110577
2110162
2109441
2108765
2107655
2106944
2106063
2105237
2104863
2104087
2103960
2103770
2103259
2102357
2101536
2101494
2100896
2100843
2100489
2099783
2099781
2099779
2099660
2097994
2096621
2096519
2095282
2094125
2093840
2092675
2092422
2092118
2091755
2091691
2091501
2091449
2091049
2090625
2090070
2090069
2089320
2088623
2087293
2085704
2085703
2085457
2084974
2083500
2083053
2082255
2082248
2081817
2081045
2079641
2079140
2078448
2078319
2064818
2077317
2076960
2076868
2076270
2075714
2075530
2073980
2072322
2071367
2071358
2071135
2070673
2065026
2065022
2063297
2062969
2062878
2061834
2061495
2061083
2061078
2061076
2060443
2060179
2059921
2058618
2058460
2058241
2058152
2056541
2055902
2054169
2052983
2052407
2052095
2050736
2050578
2049648
2049643
2049038
2048860
2048305
2048304
2048302
2048301
2048300
2048299
2048298
2048297
2048296
2048295
2048227
2048204
2047623
2047524
2047523
2047482
2047044
2046182
2046180
2045538
2045532
2045278
2045217
2043777
2043242
2041996
2041750
2041706
2041428
2038792
2037667
2036793
2035982
2035974
2033800
2032709
2031599
2026427
2029981
2028971
2028970
2026538
2025183
1995086
2022267
2020115
2020123
2020089
2020136
2020111
2020104
2020098
2020093
2020082
2020074
2020070
2019807
2019523
2019283
2018695
2018459
2018120
2017086
2015987
2014984
2014525
2014267
2013867
1857295
2012115
2012141
2012106
2010895
2009164
2008730
2007734
2006182
2005912
2005575
2005331
2004828
2004475
2003856
2003606
1992432
2001832
2000797
2000796
2001206
2000857
2000133
1999298
1999258
1997698
1895544
1998469
1995491
1995494
1995103
1995076
1968705
1994179
1992691
1991695
1990473
1989873
1989863
1985821
1989805
1988958
1988961
1988341
1987482
1987016
1986728
1985691
1985448
1984985
1983632
1982305
1981652
1981321
1981314
1980530
1980125
1978574
1978397
1976334
1975714
1975675
1973039
1971407
1971373
1969303
1968945
1968670
1968648
1968028
1968022
1967049
1966292
1965766
1965511
1965331
1964766
1961167
1960729
1955065
1954400
1952991
1951792
1951126
1948621
1946843
1946518
1945915
1942406
1944253
1943336
1944251
1941201
1939932
1927758
1927755
1935203
1935060
1935030
1931231
1933033
1932825
1932341
1929876
1929502
1928837
1928464
1927861
1926401
1926289
1925142
1925018
1924072
1923694
1923379
1923252
1923134
1922776
1922104
1921890
1921730
1921556
1921171
1920882
1919692
1919684
1919676
1919659
1914829
1918305
1915627
1914434
1914332
1913655
1913340
1911961
1911474
1910962
1909613
1907216
1904720
1901681
1904125
1901945
1903145
1902528
1901027
1901011
1900051
1900185
1899928
1899383
1898554
1897666
1896941
1897464
1897047
1896614
1896370
1896312
1895750
1895699
1895538
1895080
1892847
1889344
1891438
1891305
1890455
1890442
1889383
1889358
1888876
1887645
1887771
1887748
1884587
1884404
1884375
1884284
1884264
1884250
1884221
1884208
1884196
1884502
1883284
1883088
1880285
1880275
1880272
1880255
1880246
1879895
1879889
1879796
1878506
1877194
1876677
1876506
1876423
1874119
1873517
1873394
1873032
1872635
1850306
1872606
1870868
1869786
1869556
1868582
1868255
1867637
1867634
1866442
1866438
1866431
1864983
1863738
1863759
1863501
1863162
1862867
1862736
1862396
1861732
1859225
1857847
1857412
1856937
1855535
1855872
1855200
1854983
1854975
1854565
1854346
1854311
1853722
1853718
1852886
1852883
1852281
1820887
1851769
1851705
1851549
1850910
1850448
1850435
1849879
1849050
1848329
1847850
1847053
1845854
1845845
1845840
1845804
1845686
1844465
1843776
1842285
1842098
1842029
1841423
1838785
1837800
1837088
1836854
1836792
1836769
1836083
1834582
1832757
1831026
1830948
1830248
1829858
1829578
1829571
1828642
1828496
1827487
1827491
1827265
1826196
1824829
1824824
1823706
1823393
1823344
1822076
1821874
1821443
1817945
1820686
1820383
1820325
1817965
1817355
1816183
1815301
1812689
1811477
1810995
1810575
1809760
1809686
1808962
1808926
1807412
1806073
1803663
1803453
1803319
1803074
1802033
1800315
1800034
1799902
1799645
1795743
1798131
1797838
1797811
1796517
1795296
1795104
1795061
1790134
1793032
1792569
1790184
1790002
1789656
1789192
1787971
1787942
1787585
1786227
1785521
1781707
1780397
1785064
1784642
1784532
1784394
1783808
1783111
1781737
1781560
1781427
1781149
1781139
1779655
1781012
1780374
1780165
1779569
1779576
1777296
1776212
1776163
1774963
1774218
1772999
1772998
1772910
1770497
1770139
1769494
1769485
1768756
1768592
1767924
1767834
1767917
1767644
1767325
1766868
1764839
1763500
1763203
1762665
1762427
1758860
1758340
1758296
1756651
1756630
1756394
1756110
1755560
1753878
1753058
1752298
1751043
1750308
1749266
1747927
1748198
1747878
1747474
1746732
1744382
1744350
1743665
1742865
1742798
1741959
1741956
1741837
1741512
1740215
1739314
1734385
1733596
1732978
1732517
1730592
1729155
1728624
1728432
1727913
1726972
1726877
1726700
1726422
1726409
1726174
1726019
1725595
1725531
1725431
1724815
1724303
1723752
1723486
1723365
1723219
1723213
1723204
1722030
1720709
1717477
1719211
1717961
1718449
1717304
1717299
1717124
1716090
1716082
1712777
1715277
1714548
1713457
1713381
1712669
1712049
1711742
1711737
1711592
1711230
1710983
1710871
1710869
1710306
1709295
1708661
1708318
1707511
1707391
1706592
1705816
1705198
1704669
1704454
1703213
1700893
1700762
1697544
1697323
1697166
1694547
1692572
1691699
1691327
1689779
1689212
1689176
1684586
1687555
1687172
1687161
1686583
1683790
1679966
1679600
1679540
1679099
1677301
1677124
1676940
1676732
1676314
1676144
1675988
1675986
1675978
1675966
1673313
1672297
1672157
1671638
1670963
1670959
1670952
1670916
1668264
1668118
1663187
1666702
1666166
1665203
1665026
1662286
1662284
1662282
1662278
1661483
1661195
1660508
1659867
1659587
1659459
1658714
1658326
1656505
1655608
1653996
1653242
1652408
1651333
1648914
1648663
1648169
1644851
1643742
1643053
1642231
1642089
1641698
1641287
1641196
1640938
1639989
1639875
1639872
1639723
1639489
1639087
1636395
1636386
1632752
1632443
1631610
1630890
1630086
1629294
1626763
1626699
1626285
1626168
1625937
1625536
1624423
1623714
1622906
1622227
1621879
1620940
1618540
1619645
1619340
1618753
1618722
1617610
1617612
1615968
1615081
1614895
1613480
1613074
1612702
1611396
1609658
1607277
1606421
1605403
1602672
1602944
1601527
1601368
1600926
1597119
1597116
1596487
1595217
1594475
1592715
1591660
1591589
1590769
1590759
1590751
1590305
1590061
1590030
1588000
1587708
1586343
1586186
1585916
1585854
1583237
1583238
1585584
1584324
1582602
1582598
1582567
1578949
1577319
1577123
1576516
1575903
1574376
1574222
1572580
1572456
1571596
1570756
1569610
1568417
1568401
1568303
1567811
1567233
1567022
1567023
1566605
1565841
1565714
1565374
1565344
1565258
1564791
1564172
1564104
1564105
1563596
1563401
1562835
1562755
1562740
1562075
1561510
1561213
1559945
1559790
1559590
1559575
1559314
1559407
1559088
1558139
1557787
1557234
1556499
1554625
1554409
1554379
1554102
1554099
1554091
1554085
1554080
1554055
1554039
1553566
1552415
1552384
1551866
1551724
1550934
1549369
1548850
1548803
1548406
1548228
1548084
1546997
1547624
1546878
1546211
1545802
1545685
1543703
1542871
1542272
1542232
1540150
1538784
1538376
1535429
1532677
1529946
1529311
1515019
1524605
1526172
1525402
1524935
1522957
1511219
1519855
1518984
1518499
1518283
1517708
1517333
1515630
1514738
1513794
1513093
1512368
1512222
1512098
1512089
1512063
1508905
1508280
1508214
1508126
1507811
1504904
1503733
1502143
1502129
1501676
1499824
1499046
1498974
1497786
1496160
1494930
1494176
1493316
1493315
1493312
1493311
1493310
1493214
1490613
1489662
1487681
1487253
1486643
1482976
1479356
1479150
1478448
1476352
1475100
1473749
1473538
1473244
1472681
1471959
1471389
1467293
1467217
1466832
1465771
1465460
1463251
1463108
1463075
1462372
1461761
1461381
1461072
1459211
1459024
1456471
1455204
1454044
1454028
1453980
1451773
1450252
1449335
1448218
1448792
1448363
1448361
1446096
1444870
1443287
1442215
1442031
1440214
1434239
1433504
1431692
1431941
1431891
1431310
1430212
1429608
1429607
1429590
1426665
1425854
1425620
1411313
1422948
1421660
1420936
1418902
1418526
1415626
1403041
1414879
1413592
1411940
1411345
1409159
1408987
1408940
1408351
1406399
1406060
1403835
1403802
1403002
1401955
1401815
1396222
1398330
1398168
1397642
1396140
1394500
1395001
1394749
1394747
1393186
1393179
1392526
1390877
1390718
1390720
1387229
1386655
1386090
1385846
1385844
1384496
1383893
1383846
1381290
1380754
1380755
1378245
1378254
1378125
1377703
1377161
1376852
1376603
1376051
1375884
1375465
1375460
1375452
1374945
1374463
1374145
1374144
1373504
1368241
1367166
1365154
1364700
1363680
1363382
1362473
1361290
1360668
1359952
1359856
1357969
1356296
1269141
1355899
1347742
1352905
1352901
1352439
1351176
1351174
1351172
1350202
1346922
1348041
1344814
1342025
1344544
1344391
1342431
1337461
1341122
1335863
1332455
1335257
1334676
1333547
1332526
1331952
1332372
1331925
1331888
1331885
1331817
1330981
1329522
1326651
1326637
1325878
1325209
1323726
1323165
1323010
1322802
1322704
1322208
1322207
1319843
1319497
1318461
1316402
1316404
1316399
1316397
1316400
1316410
1316090
1312998
1311720
1309999
1309912
1309662
1309209
1309040
1307052
1306948
1306909
1306861
1305653
1305257
1304438
1304329
1304328
1304327
1304325
1304316
1304091
1304090
1304057
1304034
1302951
1300311
1299823
1299810
1299814
1299798
1299797
1298858
1298251
1297663
1297661
1297659
1297617
1296807
1295315
1293967
1292995
1289769
1289305
1288855
1288367
1286378
1286576
1284094
1278366
1278385
1278593
1278102
1277997
1277582
1277380
1275840
1274737
1274457
1272088
1268207
1268206
1268135
1267564
1266854
1265942
1265402
1265108
1265061
1263847
1264181
1264117
1264114
1263726
1263613
1258513
1258229
1258091
1257748
1257210
1257173
1256234
1251492
1250202
1250192
1249227
1249181
1249170
1246530
1246039
1245732
1245512
1244128
1244014
1243193
1242803
1241904
1240646
1238615
1237832
1237799
1237044
1236933
1235811
1235344
1235340
1231210
1208875
1230920
1230412
1230033
1229898
1229288
1229240
1229191
1227711
1227471
1226866
1226865
1223909
1221987
1219809
1220232
1217151
1216381
1212394
1213351
1210720
1210941
1209600
1208111
1207837
1208013
1207978
1206551
1205903
1205325
1205668
1205180
1202666
1199394
1197137
1202076
1201116
1201042
1200016
1199073
1195058
1194330
1192135
1187798
1189896
1161642
1186841
1186075
1184455
1184434
1184056
1183996
1181968
1179394
1178284
1177391
1173290
1170730
1170336
1161643
1165699
1162041
1161195
1161086
1159695
1157424
1156555
1155708
1152965
1152497
1150687
1147799
1144400
1142786
1140991
1139389
1136774
1134955
1133069
1132739
1131923
1131925
1131412
1129921
1129368
1128390
1126513
1124927
1121946
1119545
1119523
1119516
1118312
1118103
1117708
1117633
1117415
1115935
1112400
1111821
1111650
1111617
1111067
1110660
1109849
1109266
1106959
1105567
1070888
1104407
1101548
1099957
1099787
1098636
1097533
1097600
1097457
1096558
1096980
1095347
1095732
1094782
1094773
1094415
1093921
1092558
1092376
1092259
1090618
1089493
1088593
1087363
1087259
1086443
1085654
1066223
1066199
1075471
1075113
1074318
1074075
1073871
1071872
1069550
1068892
1069144
1066691
1066000
1065673
1063264
1062761
1062576
1062496
1062352
1058871
1056847
1055555
1055448
1054297
1054247
1051569
1051565
1051583
1050748
1051146
1050738
1050736
1049314
1046946
1041483
1037169
1036265
1035051
1034999
1034956
1034949
1034005
1009335
1034290
1030044
1029272
1029198
1027363
1025440
1024941
1024773
1024476
1023850
1023397
1023275
1023182
1020609
1019057
1015555
1015111
1014380
1013944
1013968
1013933
1013867
1013580
1012111
1011299
1011128
1011127
1010995
1011012
1009845
1009451
1009450
1009099
1006405
1005838
1004281
1000587
1000185
1000182
999053
997060
996347
996112
994802
994444
992854
992853
992849
992537
992155
991886
990705
989150
988786
988432
988399
988391
988194
987094
986697
985333
985189
984719
983911
983408
982860
982281
981520
980893
980892
980284
979562
978896
978897
978410
978001
977529
977533
977524
976832
976093
975426
974827
974798
973781
972936
972078
971016
971284
970700
970309
970274
969332
968256
964440
963661
963659
963647
960597
960430
958317
956314
955443
954931
954893
953941
953302
952725
952755
952710
950086
950085
950084
950083
950082
950080
950066
950201
950159
949979
949555
947662
946980
946869
946849
946514
946459
946146
943864
943247
942700
942455
941605
941275
938578
937695
937613
930949
934399
934237
932286
931678
928482
927693
927690
925580
924615
924295
923350
920538
917608
917595
917607
917576
917302
916381
916015
915196
913926
913873
913733
913732
912789
911917
911779
910229
910100
909697
908961
905305
904429
904122
904144
903993
903517
902770
902683
901967
899389
896118
889507
887132
884589
884390
884386
884391
882487
881915
880490
880488
878829
878148
878139
876166
875497
875442
875095
871613
871612
868590
868239
868288
867034
865610
865423
864659
863350
863905
863856
858943
858180
855343
852325
852108
848018
846343
844915
844604
841391
839373
837790
837562
837550
836625
836394
829921
829690
827039
825675
825380
823202
821651
821490
821422
821406
821405
819565
819153
818296
815531
814165
745691
808289
805384
804144
802466
802416
801622
799006
794944
794635
794266
793379
793054
792874
792737
790261
788269
788258
788205
787514
786857
786163
783706
783645
783641
783149
782784
782380
779464
778922
774867
768226
767392
763641
761873
758473
756938
756617
753475
752265
750963
749709
745696
745090
744765
742586
742053
741529
741321
738820
733887
733275
731788
729519
