1590030
1588000
1587708
1586343
1586186
1585916
1585854
1583237
1583238
1585584
1584324
1582602
1582598
1582567
1578949
1577319
1577123
1576516
1575903
1574376
1574222
1572580
1572456
1571596
1570756
1569610
1568417
1568401
1568303
1567811
1567233
1567022
1567023
1566605
1565841
1565714
1565374
1565344
1565258
1564791
1564172
1564104
1564105
1563596
1563401
1562835
1562755
1562740
1562075
1561510
1561213
1559945
1559790
1559590
1559575
1559314
1559407
1559088
1558139
1557787
1557234
1556499
1554625
1554409
1554379
1554102
1554099
1554091
1554085
1554080
1554055
1554039
1553566
1552415
1552384
1551866
1551724
1550934
1549369
1548850
1548803
1548406
1548228
1548084
1546997
1547624
1546878
1546211
1545802
1545685
1543703
1542871
1542272
1542232
1540150
1538784
1538376
1535429
1532677
1529946
1529311
1515019
1524605
1526172
1525402
1524935
1522957
1511219
1519855
1518984
1518499
1518283
1517708
1517333
1515630
1514738
1513794
1513093
1512368
1512222
1512098
1512089
1512063
1508905
1508280
1508214
1508126
1507811
1504904
1503733
1502143
1502129
1501676
1499824
1499046
1498974
1497786
1496160
1494930
1494176
1493316
1493315
1493312
1493311
1493310
1493214
1490613
1489662
1487681
1487253
1486643
1482976
1479356
1479150
1478448
1476352
1475100
1473749
1473538
1473244
1472681
1471959
1471389
1467293
1467217
1466832
1465771
1465460
1463251
1463108
1463075
1462372
1461761
1461381
1461072
1459211
1459024
1456471
1455204
1454044
1454028
1453980
1451773
1450252
1449335
1448218
1448792
1448363
1448361
1446096
1444870
1443287
1442215
1442031
1440214
1434239
1433504
1431692
1431941
1431891
1431310
1430212
1429608
1429607
1429590
1426665
1425854
1425620
1411313
1422948
1421660
1420936
1418902
1418526
1415626
1403041
1414879
1413592
1411940
1411345
1409159
1408987
1408940
1408351
1406399
1406060
1403835
1403802
1403002
1401955
1401815
1396222
1398330
1398168
1397642
1396140
1394500
1395001
1394749
1394747
1393186
1393179
1392526
1390877
1390718
1390720
1387229
1386655
1386090
1385846
1385844
1384496
1383893
1383846
1381290
1380754
1380755
1378245
1378254
1378125
1377703
1377161
1376852
1376603
1376051
1375884
1375465
1375460
1375452
1374945
1374463
1374145
1374144
1373504
1368241
1367166
1365154
1364700
1363680
1363382
1362473
1361290
1360668
1359952
1359856
1357969
1356296
1269141
1355899
1347742
1352905
1352901
1352439
1351176
1351174
1351172
1350202
1346922
1348041
1344814
1342025
1344544
1344391
1342431

