1337461
1341122
1335863
1332455
1335257
1334676
1333547
1332526
1331952
1332372
1331925
1331888
1331885
1331817
1330981
1329522
1326651
1326637
1325878
1325209
1323726
1323165
1323010
1322802
1322704
1322208
1322207
1319843
1319497
1318461
1316402
1316404
1316399
1316397
1316400
1316410
1316090
1312998
1311720
1309999
1309912
1309662
1309209
1309040
1307052
1306948
1306909
1306861
1305653
1305257
1304438
1304329
1304328
1304327
1304325
1304316
1304091
1304090
1304057
1304034
1302951
1300311
1299823
1299810
1299814
1299798
1299797
1298858
1298251
1297663
1297661
1297659
1297617
1296807
1295315
1293967
1292995
1289769
1289305
1288855
1288367
1286378
1286576
1284094
1278366
1278385
1278593
1278102
1277997
1277582
1277380
1275840
1274737
1274457
1272088
1268207
1268206
1268135
1267564
1266854
1265942
1265402
1265108
1265061
1263847
1264181
1264117
1264114
1263726
1263613
1258513
1258229
1258091
1257748
1257210
1257173
1256234
1251492
1250202
1250192
1249227
1249181
1249170
1246530
1246039
1245732
1245512
1244128
1244014
1243193
1242803
1241904
1240646
1238615
1237832
1237799
1237044
1236933
1235811
1235344
1235340
1231210
1208875
1230920
1230412
1230033
1229898
1229288
1229240
1229191
1227711
1227471
1226866
1226865
1223909
1221987
1219809
1220232
1217151
1216381
1212394
1213351
1210720
1210941
1209600
1208111
1207837
1208013
1207978
1206551
1205903
1205325
1205668
1205180
1202666
1199394
1197137
1202076
1201116
1201042
1200016
1199073
1195058
1194330
1192135
1187798
1189896
1161642
1186841
1186075
1184455
1184434
1184056
1183996
1181968
1179394
1178284
1177391
1173290
1170730
1170336
1161643
1165699
1162041
1161195
1161086
1159695
1157424
1156555
1155708
1152965
1152497
1150687
1147799
1144400
1142786
1140991
1139389
1136774
1134955
1133069
1132739
1131923
1131925
1131412
1129921
1129368
1128390
1126513
1124927
1121946
1119545
1119523
1119516
1118312
1118103
1117708
1117633
1117415
1115935
1112400
1111821
1111650
1111617
1111067
1110660
1109849
1109266
1106959
1105567
1070888
1104407
1101548
1099957
1099787
1098636
1097533
1097600
1097457
1096558
1096980
1095347
1095732
1094782
1094773
1094415
1093921
1092558
1092376
1092259
1090618
1089493
1088593
1087363
1087259
1086443
1085654
1066223
1066199
1075471
1075113
1074318
1074075
1073871
1071872
1069550
1068892
1069144
1066691
1066000
1065673
1063264
1062761
1062576
1062496
1062352
1058871
1056847
1055555
1055448
1054297
1054247
1051569
1051565