1051583
1050748
1051146
1050738
1050736
1049314
1046946
1041483
1037169
1036265
1035051
1034999
1034956
1034949
1034005
1009335
1034290
1030044
1029272
1029198
1027363
1025440
1024941
1024773
1024476
1023850
1023397
1023275
1023182
1020609
1019057
1015555
1015111
1014380
1013944
1013968
1013933
1013867
1013580
1012111
1011299
1011128
1011127
1010995
1011012
1009845
1009451
1009450
1009099
1006405
1005838
1004281
1000587
1000185
1000182
999053
997060
996347
996112
994802
994444
992854
992853
992849
992537
992155
991886
990705
989150
988786
988432
988399
988391
988194
987094
986697
985333
985189
984719
983911
983408
982860
982281
981520
980893
980892
980284
979562
978896
978897
978410
978001
977529
977533
977524
976832
976093
975426
974827
974798
973781
972936
972078
971016
971284
970700
970309
970274
969332
968256
964440
963661
963659
963647
960597
960430
958317
956314
955443
954931
954893
953941
953302
952725
952755
952710
950086
950085
950084
950083
950082
950080
950066
950201
950159
949979
949555
947662
946980
946869
946849
946514
946459
946146
943864
943247
942700
942455
941605
941275
938578
937695
937613
930949
934399
934237
932286
931678
928482
927693
927690
925580
924615
924295
923350
920538
917608
917595
917607
917576
917302
916381
916015
915196
913926
913873
913733
913732
912789
911917
911779
910229
910100
909697
908961
905305
904429
904122
904144
903993
903517
902770
902683
901967
899389
896118
889507
887132
884589
884390
884386
884391
882487
881915
880490
880488
878829
878148
878139
876166
875497
875442
875095
871613
871612
868590
868239
868288
867034
865610
865423
864659
863350
863905
863856
858943
858180
855343
852325
852108
848018
846343
844915
844604
841391
839373
837790
837562
837550
836625
836394
829921
829690
827039
825675
825380
823202
821651
821490
821422
821406
821405
819565
819153
818296
815531
814165
745691
808289
805384
804144
802466
802416
801622
799006
794944
794635
794266
793379
793054
792874
792737
790261
788269
788258
788205
787514
786857
786163
783706
783645
783641
783149
782784
782380
779464
778922
774867
768226
767392
763641
761873
758473
756938
756617
753475
752265
750963
749709
745696
745090
744765
742586
742053
741529
741321
738820
733887
733275
731788
729519